<phenotype>
taxa	factor	data	data	data	data	data	data	data
Taxa	Field_test	Tolerance	Altitude	AnnMeanT	AnnPrec	PrecWettestM	MaxTWarmestM	TAnnRange
10473	R2	5	457	8.28750038146973	1241	157	23	27.5
13980	R2	4	457	8.28750038146973	1241	157	23	27.5
26478	R2	3	480	8.38333320617676	1281	163	23	27.3000001907349
29560	R2	4	480	8.38333320617676	1281	163	23	27.3000001907349
11735	R2	4	423	8.5625	1275	163	22.8999996185303	26.7999997138977
18558	R2	1	423	8.5625	1275	163	22.8999996185303	26.7999997138977
4843	R1	4	160	10.1416664123535	587	69	25.7000007629395	29.1000008583069
14110	R2	1	160	10.1416664123535	587	69	25.7000007629395	29.1000008583069
20388	R2	4	160	10.1416664123535	587	69	25.7000007629395	29.1000008583069
27682	R2	2	160	10.1416664123535	587	69	25.7000007629395	29.1000008583069
21473	R2	1	121	10.4208335876465	569	68	26.7999992370605	30.2999992370605
16713	R2	6	121	10.4208335876465	569	68	26.7999992370605	30.2999992370605
16575	R2	3	498	7.73750019073486	806	112	23.1000003814697	28.8000001907348
22247	R2	6	498	7.73750019073486	806	112	23.1000003814697	28.8000001907348
5254	R1	4	498	7.73750019073486	806	112	23.1000003814697	28.8000001907348
18765	R2	6	498	7.73750019073486	806	112	23.1000003814697	28.8000001907348
20387	R2	6	498	7.73750019073486	806	112	23.1000003814697	28.8000001907348
27760	R2	2	498	7.73750019073486	806	112	23.1000003814697	28.8000001907348
6830	R2	6	498	7.73750019073486	806	112	23.1000003814697	28.8000001907348
16224	R2	2	498	7.73750019073486	806	112	23.1000003814697	28.8000001907348
5856	R1	1	458	8.55416679382324	670	84	23.1000003814697	27.1000003814697
26211	R2	3	458	8.55416679382324	670	84	23.1000003814697	27.1000003814697
3651	R1	1	263	9.35833358764648	955	123	25.2999992370605	30.5999994277954
5577	R1	6	263	9.35833358764648	955	123	25.2999992370605	30.5999994277954
6134	R1	1	263	9.35833358764648	955	123	25.2999992370605	30.5999994277954
764	R1	3	263	9.35833358764648	955	123	25.2999992370605	30.5999994277954
4996	R1	4	258	9.38333320617676	958	122	25.2000007629395	30.4000005722046
17159	R2	1	258	9.38333320617676	958	122	25.2000007629395	30.4000005722046
1873	R1	1	258	9.04583358764648	845	108	23.8999996185303	27.599999666214
3747	R1	6	258	9.04583358764648	845	108	23.8999996185303	27.599999666214
13824	R2	1	257	9.39583301544189	964	123	25.2000007629395	30.3000006675721
7215	R2	6	257	9.39583301544189	964	123	25.2000007629395	30.3000006675721
13822	R2	6	259	9.38749980926514	957	122	25.2000007629395	30.3000006675721
23994	R2	1	259	9.38749980926514	957	122	25.2000007629395	30.3000006675721
17439	R2	6	254	9.42916679382324	964	123	25.2000007629395	30.3000006675721
25503	R2	1	254	9.42916679382324	964	123	25.2000007629395	30.3000006675721
9617	R2	6	254	9.42916679382324	964	123	25.2000007629395	30.3000006675721
22902	R2	1	254	9.42916679382324	964	123	25.2000007629395	30.3000006675721
6140	R1	4	204	9.60416698455811	823	106	25.6000003814697	30.3000001907348
11187	R2	1	204	9.60416698455811	823	106	25.6000003814697	30.3000001907348
16610	R2	6	205	9.60416698455811	817	107	25.6000003814697	30.4000005722046
29636	R2	1	205	9.60416698455811	817	107	25.6000003814697	30.4000005722046
14895	R2	2	205	9.60416698455811	817	107	25.6000003814697	30.4000005722046
17398	R2	6	205	9.60416698455811	817	107	25.6000003814697	30.4000005722046
10930	R2	6	318	9.13749980926514	790	107	24.7999992370605	29.9999990463256
11610	R2	1	318	9.13749980926514	790	107	24.7999992370605	29.9999990463256
15266	R2	1	296	9	806	110	24.7000007629395	30.0000009536744
24669	R2	2	296	9	806	110	24.7000007629395	30.0000009536744
3005	R1	4	286	9.19166660308838	790	108	24.8999996185303	30.0999994277954
12074	R2	1	286	9.19166660308838	790	108	24.8999996185303	30.0999994277954
8794	R2	4	286	9.19166660308838	790	108	24.8999996185303	30.0999994277954
16187	R2	4	286	9.19166660308838	790	108	24.8999996185303	30.0999994277954
4481	R1	1	591	7.92500019073486	885	115	22.7999992370605	28.0999994277954
13723	R2	6	591	7.92500019073486	885	115	22.7999992370605	28.0999994277954
14138	R2	6	591	7.92500019073486	885	115	22.7999992370605	28.0999994277954
19196	R2	1	591	7.92500019073486	885	115	22.7999992370605	28.0999994277954
11375	R2	6	591	7.92500019073486	885	115	22.7999992370605	28.0999994277954
27280	R2	2	591	7.92500019073486	885	115	22.7999992370605	28.0999994277954
25924	R2	4	300	9.17500019073486	592	80	24.6000003814697	28.8000001907348
11441	R2	5	300	9.17500019073486	592	80	24.6000003814697	28.8000001907348
17337	R2	4	300	9.17500019073486	592	80	24.6000003814697	28.8000001907348
22961	R2	1	300	9.17500019073486	592	80	24.6000003814697	28.8000001907348
6909	R2	6	300	9.17500019073486	592	80	24.6000003814697	28.8000001907348
14621	R2	1	300	9.17500019073486	592	80	24.6000003814697	28.8000001907348
424	R1	5	711	9.04583358764648	845	108	23.8999996185303	27.599999666214
2755	R1	1	711	9.04583358764648	845	108	23.8999996185303	27.599999666214
20891	R2	4	779	6.36666679382324	1123	156	21.6000003814697	29.3000001907348
24873	R2	2	779	6.36666679382324	1123	156	21.6000003814697	29.3000001907348
21447	R2	1	459	8.20833301544189	1031	130	22.7999992370605	27.0999994277954
16290	R2	6	459	8.20833301544189	1031	130	22.7999992370605	27.0999994277954
2355	R1	1	284	9.30000019073486	718	96	25.1000003814697	29.8000001907348
27378	R2	6	284	9.30000019073486	718	96	25.1000003814697	29.8000001907348
2565	R1	4	284	9.16250038146973	728	98	24.7999992370605	29.4999990463256
7978	R2	1	284	9.16250038146973	728	98	24.7999992370605	29.4999990463256
13791	R2	5	347	9.04583358764648	845	108	23.8999996185303	27.599999666214
20798	R2	1	347	9.04583358764648	845	108	23.8999996185303	27.599999666214
10799	R2	6	375	9.08333301544189	658	84	24.1000003814697	28.1000003814697
20706	R2	3	375	9.08333301544189	658	84	24.1000003814697	28.1000003814697
8079	R2	3	375	9.08333301544189	658	84	24.1000003814697	28.1000003814697
25772	R2	4	375	9.08333301544189	658	84	24.1000003814697	28.1000003814697
17463	R2	6	361	9.34583377838135	683	88	24.8999996185303	29.1999998092652
22288	R2	3	361	9.34583377838135	683	88	24.8999996185303	29.1999998092652
11969	R2	6	250	9.69166660308838	614	81	25.3999996185303	29.3999996185303
19148	R2	2	250	9.69166660308838	614	81	25.3999996185303	29.3999996185303
29269	R2	3	250	9.69166660308838	614	81	25.3999996185303	29.3999996185303
386	R1	1	250	9.69166660308838	614	81	25.3999996185303	29.3999996185303
25070	R2	6	250	9.69166660308838	614	81	25.3999996185303	29.3999996185303
18379	R2	3	400	8.86250019073486	853	124	24.2000007629395	29.5000009536744
16749	R2	6	400	8.86250019073486	853	124	24.2000007629395	29.5000009536744
21665	R2	1	400	8.86250019073486	853	124	24.2000007629395	29.5000009536744
3472	R1	4	872	6.07083320617676	1092	143	19.8999996185303	25.8999996185303
22159	R2	1	872	6.07083320617676	1092	143	19.8999996185303	25.8999996185303
16192	R2	2	196	9.18333339691162	537	84	24.3999996185303	28.1999995708466
32806	R3	2	263.7504	9.04583358764648	845	108	23.8999996185303	27.599999666214
4012	R1	4	286	9.55000019073486	572	77	25.2000007629395	28.8000006675721
10926	R2	2	286	9.55000019073486	572	77	25.2000007629395	28.8000006675721
13712	R2	4	286	9.55000019073486	572	77	25.2000007629395	28.8000006675721
28981	R2	1	286	9.55000019073486	572	77	25.2000007629395	28.8000006675721
26865	R2	6	286	9.55000019073486	572	77	25.2000007629395	28.8000006675721
13768	R2	4	286	9.55000019073486	572	77	25.2000007629395	28.8000006675721
2774	R1	6	443	8.50416660308838	714	89	23.2999992370605	27.5999994277954
22700	R2	1	443	8.50416660308838	714	89	23.2999992370605	27.5999994277954
18797	R2	3	443	8.50416660308838	714	89	23.2999992370605	27.5999994277954
12437	R2	4	443	8.50416660308838	714	89	23.2999992370605	27.5999994277954
11998	R2	6	247	9.40416622161865	599	80	25	29.0999999046326
18825	R2	6	247	9.40416622161865	599	80	25	29.0999999046326
7659	R2	1	228	8.92083358764648	673	96	24.3999996185303	29.1999998092652
25398	R2	6	228	8.92083358764648	673	96	24.3999996185303	29.1999998092652
737	R1	5	228	8.94583320617676	671	96	24.3999996185303	29.1999998092652
3345	R1	1	228	8.94583320617676	671	96	24.3999996185303	29.1999998092652
5361	R1	1	228	8.94583320617676	671	96	24.3999996185303	29.1999998092652
18359	R2	6	228	8.94583320617676	671	96	24.3999996185303	29.1999998092652
24039	R2	2	487	8.41250038146973	722	91	23.2999992370605	27.7999992370605
26952	R2	6	487	8.41250038146973	722	91	23.2999992370605	27.7999992370605
15016	R2	2	487	8.41250038146973	722	91	23.2999992370605	27.7999992370605
16101	R2	6	487	8.41250038146973	722	91	23.2999992370605	27.7999992370605
17728	R2	4	717	7.78749990463257	863	110	22.6000003814697	27.9000005722046
15860	R2	1	717	7.78749990463257	863	110	22.6000003814697	27.9000005722046
21472	R2	4	859	7.09999990463257	965	123	21.6000003814697	27.3000001907348
487	R1	1	859	7.09999990463257	965	123	21.6000003814697	27.3000001907348
10851	R2	3	528	8.375	831	107	23.2000007629395	27.9000005722046
27932	R2	6	528	8.375	831	107	23.2000007629395	27.9000005722046
8045	R2	1	453	8.17083358764648	794	106	23	27.8000001907349
17849	R2	6	453	8.17083358764648	794	106	23	27.8000001907349
12406	R2	1	729	7.69166660308838	932	126	22.2999992370605	27.4999990463256
26814	R2	6	729	7.69166660308838	932	126	22.2999992370605	27.4999990463256
16551	R2	6	179	9.86250019073486	526	73	25.2999992370605	28.5999991893768
27581	R2	1	179	9.86250019073486	526	73	25.2999992370605	28.5999991893768
11743	R2	4	179	9.86250019073486	526	73	25.2999992370605	28.5999991893768
15779	R2	1	179	9.86250019073486	526	73	25.2999992370605	28.5999991893768
27302	R2	1	140	10.0041666030884	618	70	25.3999996185303	28.599999666214
19241	R2	1	248	9.60416698455811	619	71	25.2999992370605	29.0999991893768
18768	R2	6	248	9.60416698455811	619	71	25.2999992370605	29.0999991893768
7762	R2	2	452	8.50416660308838	1003	133	24.8999996185303	31.6999998092652
11304	R2	3	452	8.50416660308838	1003	133	24.8999996185303	31.6999998092652
20896	R2	4	452	8.50416660308838	1003	133	24.8999996185303	31.6999998092652
27239	R2	6	452	8.50416660308838	1003	133	24.8999996185303	31.6999998092652
13965	R2	6	726	7.20416641235352	1094	143	22.7999992370605	30.0999994277954
22662	R2	2	726	7.20416641235352	1094	143	22.7999992370605	30.0999994277954
19910	R2	4	726	7.20416641235352	1094	143	22.7999992370605	30.0999994277954
22848	R2	1	726	7.20416641235352	1094	143	22.7999992370605	30.0999994277954
6052	R1	1	726	7.20416641235352	1094	143	22.7999992370605	30.0999994277954
4066	R1	5	726	7.20416641235352	1094	143	22.7999992370605	30.0999994277954
16595	R2	3	466	8.49166679382324	1090	140	24.7000007629395	31.2000007629395
16529	R2	6	466	8.49166679382324	1090	140	24.7000007629395	31.2000007629395
13078	R2	2	466	8.49166679382324	1090	140	24.7000007629395	31.2000007629395
21573	R2	4	466	8.49166679382324	1090	140	24.7000007629395	31.2000007629395
20153	R2	6	466	8.49166679382324	1090	140	24.7000007629395	31.2000007629395
22304	R2	1	466	8.49166679382324	1090	140	24.7000007629395	31.2000007629395
21913	R2	4	466	8.49166679382324	1090	140	24.7000007629395	31.2000007629395
19202	R2	1	466	8.49166679382324	1090	140	24.7000007629395	31.2000007629395
5858	R1	4	451	8.08333301544189	889	117	25	32.5
27957	R2	1	451	8.08333301544189	889	117	25	32.5
13886	R2	6	451	8.125	893	118	25.2000007629395	32.7000007629395
24168	R2	3	451	8.125	893	118	25.2000007629395	32.7000007629395
20566	R2	1	451	8.125	893	118	25.2000007629395	32.7000007629395
14897	R2	4	451	8.125	893	118	25.2000007629395	32.7000007629395
12782	R2	1	451	8.125	893	118	25.2000007629395	32.7000007629395
26251	R2	3	451	8.125	893	118	25.2000007629395	32.7000007629395
13409	R2	6	450	8.07916641235352	894	118	25	32.5
20555	R2	1	450	8.07916641235352	894	118	25	32.5
13525	R2	6	1115	6.57916641235352	1030	143	22.2999992370605	30.3999996185302
21038	R2	1	1115	6.57916641235352	1030	143	22.2999992370605	30.3999996185302
17346	R2	4	1115	6.57916641235352	1030	143	22.2999992370605	30.3999996185302
20037	R2	1	1115	6.57916641235352	1030	143	22.2999992370605	30.3999996185302
13373	R2	4	800	6.62916660308838	1060	143	20.8999996185303	26.6999998092652
26855	R2	1	800	6.62916660308838	1060	143	20.8999996185303	26.6999998092652
16200	R2	6	269	9.51666641235352	584	77	24.8999996185303	28.599999666214
20946	R2	3	269	9.51666641235352	584	77	24.8999996185303	28.599999666214
2664	R1	1	269	9.51666641235352	584	77	24.8999996185303	28.599999666214
8799	R2	6	269	9.51666641235352	584	77	24.8999996185303	28.599999666214
594	R1	1	241	8.94166660308838	692	98	24.6000003814697	29.4000005722046
14000	R2	6	241	8.94166660308838	692	98	24.6000003814697	29.4000005722046
6208	R1	1	233	8.95416641235352	689	98	24.2999992370605	28.8999991416931
27050	R2	6	233	8.95416641235352	689	98	24.2999992370605	28.8999991416931
27353	R2	4	246	8.92083358764648	706	100	24.3999996185303	28.9999995231629
29507	R2	4	246	8.92083358764648	706	100	24.3999996185303	28.9999995231629
24761	R2	6	370	8.60416698455811	940	120	23.2999992370605	27.2999992370605
23266	R2	4	370	8.60416698455811	940	120	23.2999992370605	27.2999992370605
8251	R2	1	376	8.625	827	115	23.7999992370605	28.3999991416931
11609	R2	6	404	7.97499990463257	808	116	22.7999992370605	28.1999993324279
23257	R2	2	404	7.97499990463257	808	116	22.7999992370605	28.1999993324279
1455	R1	1	361	8.28333377838135	747	105	23.7000007629395	28.9000005722046
19304	R2	3	196	9.18333339691162	537	84	24.3999996185303	28.1999995708466
4468	R1	1	361	8.28333377838135	747	105	23.7000007629395	28.9000005722046
5737	R1	4	361	8.28333377838135	747	105	23.7000007629395	28.9000005722046
3961	R1	4	327	8.41250038146973	900	107	23.5	27.9000000953674
21032	R2	2	327	8.41250038146973	900	107	23.5	27.9000000953674
9086	R2	6	379	8.37083339691162	951	114	23.2999992370605	27.6999993324279
24645	R2	2	379	8.37083339691162	951	114	23.2999992370605	27.6999993324279
3892	R1	6	379	8.37083339691162	951	114	23.2999992370605	27.6999993324279
2821	R1	1	294	9.02916717529297	762	108	24.6000003814697	29.0000004768371
28008	R2	6	294	9.02916717529297	762	108	24.6000003814697	29.0000004768371
25457	R2	1	315	9.02916717529297	762	108	24.6000003814697	29.0000004768371
18818	R2	6	315	9.02916717529297	762	108	24.6000003814697	29.0000004768371
2826	R1	4	315	8.97083377838135	767	108	24.5	29
25954	R2	1	315	8.97083377838135	767	108	24.5	29
3586	R1	6	315	8.97083377838135	767	108	24.5	29
13223	R2	6	298	8.95416641235352	782	109	24.3999996185303	28.7999997138977
26654	R2	1	298	8.95416641235352	782	109	24.3999996185303	28.7999997138977
3243	R1	6	245	8.94583320617676	717	100	24.2999992370605	28.7999992370605
12708	R2	1	245	8.94583320617676	717	100	24.2999992370605	28.7999992370605
17206	R2	4	245	8.94583320617676	717	100	24.2999992370605	28.7999992370605
3462	R1	1	245	9.00416660308838	733	102	24.1000003814697	28.3000001907348
17602	R2	6	245	9.00416660308838	733	102	24.1000003814697	28.3000001907348
14023	R2	3	520	7.47916650772095	875	125	22.2999992370605	27.9999990463256
9272	R2	6	520	7.47916650772095	875	125	22.2999992370605	27.9999990463256
425	R1	1	443	7.375	878	126	22.3999996185303	28.6999998092652
8873	R2	6	443	7.375	878	126	22.3999996185303	28.6999998092652
968	R1	4	389	8.16250038146973	805	114	23.1000003814697	28.3000001907348
23237	R2	1	389	8.16250038146973	805	114	23.1000003814697	28.3000001907348
2885	R1	1	389	8.16250038146973	805	114	23.1000003814697	28.3000001907348
13079	R2	6	495	8.37083339691162	822	115	23.1000003814697	27.8000001907348
28851	R2	1	495	8.37083339691162	822	115	23.1000003814697	27.8000001907348
19475	R2	6	879	6.55833339691162	1032	142	20.7000007629395	26.6000008583069
25128	R2	2	879	6.55833339691162	1032	142	20.7000007629395	26.6000008583069
4895	R1	1	879	6.55833339691162	1032	142	20.7000007629395	26.6000008583069
27112	R2	6	879	6.55833339691162	1032	142	20.7000007629395	26.6000008583069
2348	R1	1	402	8.39583301544189	821	115	23.1000003814697	27.8000001907348
9374	R2	6	402	8.39583301544189	821	115	23.1000003814697	27.8000001907348
5520	R1	1	361	8.29583358764648	740	103	23.7000007629395	28.9000005722046
5494	R1	5	361	8.29583358764648	740	103	23.7000007629395	28.9000005722046
4041	R1	5	361	8.29583358764648	740	103	23.7000007629395	28.9000005722046
27844	R2	3	361	8.29583358764648	740	103	23.7000007629395	28.9000005722046
19640	R2	1	305	8.88333320617676	841	112	23.8999996185303	27.9999995231629
19299	R2	6	305	8.88333320617676	841	112	23.8999996185303	27.9999995231629
2324	R1	6	237	8.95416641235352	693	99	24.2999992370605	28.8999991416931
15252	R2	2	237	8.95416641235352	693	99	24.2999992370605	28.8999991416931
19319	R2	1	237	8.95416641235352	693	99	24.2999992370605	28.8999991416931
26503	R2	6	237	8.95416641235352	693	99	24.2999992370605	28.8999991416931
12997	R2	3	237	8.94583320617676	695	99	24.2999992370605	28.8999991416931
20210	R2	1	237	8.94583320617676	695	99	24.2999992370605	28.8999991416931
16735	R2	6	232	8.96249961853027	680	97	24.3999996185303	29.0999994277954
27214	R2	1	232	8.96249961853027	680	97	24.3999996185303	29.0999994277954
7588	R2	1	232	8.96249961853027	680	97	24.3999996185303	29.0999994277954
26497	R2	6	232	8.96249961853027	680	97	24.3999996185303	29.0999994277954
1621	R1	5	232	8.96249961853027	680	97	24.3999996185303	29.0999994277954
27633	R2	3	232	8.96249961853027	680	97	24.3999996185303	29.0999994277954
13595	R2	6	232	8.96249961853027	680	97	24.3999996185303	29.0999994277954
12281	R2	2	232	8.96249961853027	680	97	24.3999996185303	29.0999994277954
20441	R2	6	612	7.77916669845581	1509	194	21.7000007629395	26.3000006675721
16646	R2	1	612	7.77916669845581	1509	194	21.7000007629395	26.3000006675721
5519	R1	5	542	8.00416660308838	1312	172	22.2999992370605	26.9999990463256
14799	R2	1	542	8.00416660308838	1312	172	22.2999992370605	26.9999990463256
14134	R2	5	232	8.8125	682	97	24.2999992370605	29.1999993324279
16374	R2	1	232	8.8125	682	97	24.2999992370605	29.1999993324279
2876	R1	1	232	8.8125	682	97	24.2999992370605	29.1999993324279
5079	R1	4	232	8.8125	682	97	24.2999992370605	29.1999993324279
3065	R1	4	232	8.8125	682	97	24.2999992370605	29.1999993324279
29611	R2	1	232	8.8125	682	97	24.2999992370605	29.1999993324279
18202	R2	6	243	8.94583320617676	717	100	24.2999992370605	28.7999992370605
23590	R2	1	243	8.94583320617676	717	100	24.2999992370605	28.7999992370605
1594	R1	6	403	8.56666660308838	1138	143	23.3999996185303	27.5999994277954
21601	R2	3	403	8.56666660308838	1138	143	23.3999996185303	27.5999994277954
19254	R2	1	403	8.56666660308838	1138	143	23.3999996185303	27.5999994277954
25484	R2	6	403	8.56666660308838	1138	143	23.3999996185303	27.5999994277954
3588	R1	6	400	8.59583282470703	1129	142	23.3999996185303	27.5999994277954
6071	R1	1	400	8.59583282470703	1129	142	23.3999996185303	27.5999994277954
18868	R2	1	400	8.59583282470703	1129	142	23.3999996185303	27.5999994277954
26530	R2	6	400	8.59583282470703	1129	142	23.3999996185303	27.5999994277954
13199	R2	1	401	8.59583282470703	1129	142	23.3999996185303	27.5999994277954
249	R1	6	401	8.59583282470703	1129	142	23.3999996185303	27.5999994277954
775	R1	1	401	8.59583282470703	1129	142	23.3999996185303	27.5999994277954
17605	R2	6	401	8.59583282470703	1129	142	23.3999996185303	27.5999994277954
28040	R2	2	497	8.10416698455811	1219	153	22.7000007629395	27.4000005722046
29405	R2	6	497	8.10416698455811	1219	153	22.7000007629395	27.4000005722046
2713	R1	1	357	8.37916660308838	715	101	23.7999992370605	28.8999991416931
3865	R1	5	357	8.37916660308838	715	101	23.7999992370605	28.8999991416931
16202	R2	1	357	8.30000019073486	724	102	23.7000007629395	28.9000005722046
19184	R2	3	357	8.30000019073486	724	102	23.7000007629395	28.9000005722046
11325	R2	6	597	7.14166641235352	823	116	22.2999992370605	28.3999991416931
2033	R1	1	264	9.01666641235352	851	109	23.8999996185303	27.599999666214
18823	R2	1	264	9.03333282470703	851	108	23.8999996185303	27.599999666214
26475	R2	6	264	9.03333282470703	851	108	23.8999996185303	27.599999666214
3298	R1	1	264	9.03333282470703	851	108	23.8999996185303	27.599999666214
6204	R1	6	264	9.03333282470703	851	108	23.8999996185303	27.599999666214
14279	R2	1	264	9.03333282470703	851	108	23.8999996185303	27.599999666214
27435	R2	6	264	9.03333282470703	851	108	23.8999996185303	27.599999666214
16016	R2	6	392	8.54583358764648	787	107	23.5	28
26112	R2	1	392	8.54583358764648	787	107	23.5	28
444	R1	4	360	8.32499980926514	770	106	23.7000007629395	28.8000006675721
14774	R2	1	360	8.32499980926514	770	106	23.7000007629395	28.8000006675721
833	R1	1	477	7.35833311080933	821	114	22.5	28.5
12433	R2	6	477	7.35833311080933	821	114	22.5	28.5
21198	R2	1	363	8.80416679382324	969	124	23.6000003814697	27.400000333786
18274	R2	6	363	8.80416679382324	969	124	23.6000003814697	27.400000333786
8782	R2	2	363	8.80416679382324	969	124	23.6000003814697	27.400000333786
13793	R2	6	363	8.80416679382324	969	124	23.6000003814697	27.400000333786
6031	R1	6	720	6.63749980926514	930	122	21.7000007629395	28.1000008583069
24399	R2	2	720	6.63749980926514	930	122	21.7000007629395	28.1000008583069
3809	R1	1	645	6.96250009536743	879	118	22.2000007629395	28.6000008583069
1474	R1	5	645	6.96250009536743	879	118	22.2000007629395	28.6000008583069
3031	R1	4	669	6.88749980926514	888	120	22.1000003814697	28.5000004768371
4593	R1	1	669	6.88749980926514	888	120	22.1000003814697	28.5000004768371
616	R1	6	669	6.88749980926514	888	120	22.1000003814697	28.5000004768371
29365	R2	2	669	6.88749980926514	888	120	22.1000003814697	28.5000004768371
16365	R2	6	609	7.18333339691162	884	119	22.2999992370605	28.2999992370605
23526	R2	3	609	7.18333339691162	884	119	22.2999992370605	28.2999992370605
29357	R2	6	609	7.18333339691162	884	119	22.2999992370605	28.2999992370605
16627	R2	1	609	7.18333339691162	884	119	22.2999992370605	28.2999992370605
16944	R2	3	330	8.87916660308838	893	114	23.7000007629395	27.6000008583069
29533	R2	3	330	8.87916660308838	893	114	23.7000007629395	27.6000008583069
15621	R2	6	330	8.87916660308838	893	114	23.7000007629395	27.6000008583069
17510	R2	1	330	8.87916660308838	893	114	23.7000007629395	27.6000008583069
18353	R2	6	316	8.80833339691162	829	109	23.5	27.5
25365	R2	4	316	8.80833339691162	829	109	23.5	27.5
6918	R2	1	233	8.94583320617676	688	99	24.2000007629395	28.8000006675721
23765	R2	6	233	8.94583320617676	688	99	24.2000007629395	28.8000006675721
8955	R2	6	233	8.94583320617676	688	99	24.2000007629395	28.8000006675721
28633	R2	4	233	8.94583320617676	688	99	24.2000007629395	28.8000006675721
393	R1	1	423	8.61666679382324	1285	165	22.8999996185303	26.6999995708466
15825	R2	6	423	8.61666679382324	1285	165	22.8999996185303	26.6999995708466
14238	R2	6	423	8.61666679382324	1285	165	22.8999996185303	26.6999995708466
24413	R2	1	423	8.61666679382324	1285	165	22.8999996185303	26.6999995708466
12386	R2	2	600	7.66249990463257	1229	159	21.8999996185303	26.6999998092652
25614	R2	6	600	7.66249990463257	1229	159	21.8999996185303	26.6999998092652
16151	R2	6	600	7.66249990463257	1229	159	21.8999996185303	26.6999998092652
16825	R2	1	600	7.66249990463257	1229	159	21.8999996185303	26.6999998092652
14785	R2	1	600	7.66249990463257	1229	159	21.8999996185303	26.6999998092652
17184	R2	6	600	7.66249990463257	1229	159	21.8999996185303	26.6999998092652
12475	R2	6	280	9.03750038146973	815	109	24.2999992370605	28.3999991416931
27643	R2	2	280	9.03750038146973	815	109	24.2999992370605	28.3999991416931
7019	R2	4	280	9	822	110	24.2000007629395	28.3000006675721
16409	R2	1	280	9	822	110	24.2000007629395	28.3000006675721
22759	R2	1	294	8.89999961853027	824	109	23.8999996185303	27.9999995231629
28052	R2	4	294	8.89999961853027	824	109	23.8999996185303	27.9999995231629
1814	R1	4	294	8.89999961853027	824	109	23.8999996185303	27.9999995231629
29163	R2	1	294	8.89999961853027	824	109	23.8999996185303	27.9999995231629
22578	R2	2	294	8.89999961853027	824	109	23.8999996185303	27.9999995231629
29536	R2	4	294	8.89999961853027	824	109	23.8999996185303	27.9999995231629
1072	R1	1	287	8.92500019073486	749	104	24.2999992370605	28.7999992370605
20854	R2	6	287	8.92500019073486	749	104	24.2999992370605	28.7999992370605
29607	R2	6	287	8.92500019073486	749	104	24.2999992370605	28.7999992370605
13951	R2	1	287	8.92500019073486	749	104	24.2999992370605	28.7999992370605
3762	R1	1	506	7.52916669845581	852	116	22.7000007629395	28.4000005722046
29632	R2	6	506	7.52916669845581	852	116	22.7000007629395	28.4000005722046
859	R1	6	558	7.05416679382324	898	120	22	28
19544	R2	1	558	7.05416679382324	898	120	22	28
4489	R1	1	440	8.19583320617676	830	112	23.1000003814697	27.9000005722046
8109	R2	6	440	8.19583320617676	830	112	23.1000003814697	27.9000005722046
27250	R2	4	672	6.15416669845581	903	123	20.8999996185303	27.4999995231629
28153	R2	6	672	6.15416669845581	903	123	20.8999996185303	27.4999995231629
12468	R2	3	672	6.15416669845581	903	123	20.8999996185303	27.4999995231629
27463	R2	6	672	6.15416669845581	903	123	20.8999996185303	27.4999995231629
14704	R2	1	672	6.15416669845581	903	123	20.8999996185303	27.4999995231629
17516	R2	6	672	6.15416669845581	903	123	20.8999996185303	27.4999995231629
4497	R1	1	675	6.46666669845581	871	120	21.3999996185303	27.8999996185303
13374	R2	1	588	6.84166669845581	811	113	22	28.3000001907349
26470	R2	6	588	6.84166669845581	811	113	22	28.3000001907349
4214	R1	1	588	6.84166669845581	811	113	22	28.3000001907349
25904	R2	4	588	6.84166669845581	811	113	22	28.3000001907349
19922	R2	4	744	6.94999980926514	1458	192	21	26.4000000953674
20463	R2	6	744	6.94999980926514	1458	192	21	26.4000000953674
21165	R2	3	361	8.72083377838135	1093	138	23.6000003814697	27.7000002861023
27381	R2	2	361	8.72083377838135	1093	138	23.6000003814697	27.7000002861023
3419	R1	6	576	7.48750019073486	986	123	22.2000007629395	27.5000009536744
1690	R1	1	576	7.48750019073486	986	123	22.2000007629395	27.5000009536744
7268	R2	6	505	7.50416660308838	794	110	22.7000007629395	28.5000009536744
18096	R2	2	505	7.50416660308838	794	110	22.7000007629395	28.5000009536744
9806	R2	6	324	8.68333339691162	853	112	23.5	27.5999999046326
20237	R2	1	324	8.68333339691162	853	112	23.5	27.5999999046326
8375	R2	2	353	8.68333339691162	853	112	23.5	27.5999999046326
23010	R2	6	353	8.68333339691162	853	112	23.5	27.5999999046326
13097	R2	1	319	8.71249961853027	861	113	23.6000003814697	27.7000002861023
7020	R2	3	319	8.71249961853027	861	113	23.6000003814697	27.7000002861023
24110	R2	3	264	9.01666641235352	851	109	23.8999996185303	27.599999666214
8047	R2	1	349	8.72916698455811	885	115	23.6000003814697	27.7000002861023
26679	R2	6	349	8.72916698455811	885	115	23.6000003814697	27.7000002861023
12951	R2	6	349	8.72916698455811	885	115	23.6000003814697	27.7000002861023
27812	R2	1	349	8.72916698455811	885	115	23.6000003814697	27.7000002861023
17335	R2	6	346	8.72916698455811	885	115	23.6000003814697	27.7000002861023
27555	R2	1	346	8.72916698455811	885	115	23.6000003814697	27.7000002861023
13968	R2	1	312	8.92916679382324	886	115	23.8999996185303	27.7999997138977
28173	R2	4	312	8.92916679382324	886	115	23.8999996185303	27.7999997138977
13129	R2	1	389	8.19166660308838	921	107	23.1000003814697	27.6000003814697
19158	R2	6	389	8.19166660308838	921	107	23.1000003814697	27.6000003814697
16048	R2	3	572	7.38749980926514	990	124	22.1000003814697	27.4000005722046
6451	R2	1	572	7.38749980926514	990	124	22.1000003814697	27.4000005722046
3819	R1	1	389	8.59583377838135	851	116	23.7000007629395	28.3000006675721
5115	R1	6	389	8.59583377838135	851	116	23.7000007629395	28.3000006675721
1294	R1	4	359	8.40833377838135	744	104	23.7999992370605	28.8999991416931
15425	R2	1	359	8.40833377838135	744	104	23.7999992370605	28.8999991416931
2113	R1	5	631	7.26666641235352	882	124	22.6000003814697	29.3000001907348
2847	R1	1	631	7.26666641235352	882	124	22.6000003814697	29.3000001907348
7008	R2	1	660	6.93333339691162	910	128	22.1000003814697	28.9000005722046
19709	R2	4	660	6.93333339691162	910	128	22.1000003814697	28.9000005722046
2146	R1	6	669	6.90833330154419	1001	130	21.5	27.1999998092651
27667	R2	3	669	6.90833330154419	1001	130	21.5	27.1999998092651
5522	R1	1	589	7.39166641235352	955	124	21.8999996185303	27.1999998092652
7441	R2	6	589	7.39166641235352	955	124	21.8999996185303	27.1999998092652
19719	R2	3	257	9.19583320617676	766	105	24.7000007629395	28.7000007629395
28846	R2	1	257	9.19583320617676	766	105	24.7000007629395	28.7000007629395
10061	R2	3	257	9.19583320617676	766	105	24.7000007629395	28.7000007629395
18753	R2	1	257	9.19583320617676	766	105	24.7000007629395	28.7000007629395
4331	R1	4	262	9.17916679382324	776	106	24.6000003814697	28.6000003814697
23476	R2	2	262	9.17916679382324	776	106	24.6000003814697	28.6000003814697
315	R1	1	822	6.99166679382324	1344	179	20.7999992370605	26.1999993324279
375	R1	4	822	6.99166679382324	1344	179	20.7999992370605	26.1999993324279
26961	R2	6	822	6.99166679382324	1344	179	20.7999992370605	26.1999993324279
24178	R2	3	822	6.99166679382324	1344	179	20.7999992370605	26.1999993324279
5188	R1	1	700	7.47916698455811	1320	176	21.6000003814697	26.8000001907348
19396	R2	6	700	7.47916698455811	1320	176	21.6000003814697	26.8000001907348
15383	R2	2	700	7.47916698455811	1320	176	21.6000003814697	26.8000001907348
27974	R2	6	700	7.47916698455811	1320	176	21.6000003814697	26.8000001907348
9414	R2	2	365	8.73750019073486	1059	134	23.6000003814697	27.6000003814697
26062	R2	1	365	8.73750019073486	1059	134	23.6000003814697	27.6000003814697
19811	R2	6	365	8.73750019073486	1059	134	23.6000003814697	27.6000003814697
25894	R2	2	365	8.73750019073486	1059	134	23.6000003814697	27.6000003814697
6109	R1	1	878	6.47499990463257	1022	145	21.5	28.9000000953674
26911	R2	6	878	6.47499990463257	1022	145	21.5	28.9000000953674
24211	R2	4	904	6.09166669845581	1066	150	20.8999996185303	28.3999996185303
24461	R2	4	904	6.09166669845581	1066	150	20.8999996185303	28.3999996185303
18781	R2	6	560	8.05416679382324	903	119	23	28.3000001907349
23035	R2	1	560	8.05416679382324	903	119	23	28.3000001907349
4681	R1	6	752	7.36250019073486	969	130	22.1000003814697	28.0000004768371
18502	R2	1	752	7.36250019073486	969	130	22.1000003814697	28.0000004768371
27400	R2	6	752	7.36250019073486	969	130	22.1000003814697	28.0000004768371
25752	R2	2	752	7.36250019073486	969	130	22.1000003814697	28.0000004768371
17059	R2	6	752	7.36250019073486	969	130	22.1000003814697	28.0000004768371
24486	R2	1	752	7.36250019073486	969	130	22.1000003814697	28.0000004768371
3405	R1	5	421	9.17083358764648	1207	157	24.2000007629395	28.3000006675721
12340	R2	2	421	9.17083358764648	1207	157	24.2000007629395	28.3000006675721
13962	R2	4	421	9.17083358764648	1207	157	24.2000007629395	28.3000006675721
14917	R2	6	421	9.17083358764648	1207	157	24.2000007629395	28.3000006675721
1400	R1	5	718	7.53333330154419	1312	173	21.7999992370605	26.9999990463256
8874	R2	2	718	7.53333330154419	1312	173	21.7999992370605	26.9999990463256
1215	R1	1	721	7.53333330154419	1312	173	21.7999992370605	26.9999990463256
26109	R2	6	721	7.53333330154419	1312	173	21.7999992370605	26.9999990463256
2526	R1	1	721	7.53333330154419	1312	173	21.7999992370605	26.9999990463256
7380	R2	6	721	7.53333330154419	1312	173	21.7999992370605	26.9999990463256
13936	R2	6	742	7.40416669845581	1324	175	21.6000003814697	26.9000005722046
9658	R2	2	742	7.40416669845581	1324	175	21.6000003814697	26.9000005722046
8207	R2	3	742	7.40416669845581	1324	175	21.6000003814697	26.9000005722046
15176	R2	1	742	7.40416669845581	1324	175	21.6000003814697	26.9000005722046
2638	R1	6	568	8.10833358764648	1220	139	24.7999992370605	31.6999993324279
24532	R2	2	568	8.10833358764648	1220	139	24.7999992370605	31.6999993324279
11744	R2	5	649	6.85833311080933	825	117	22.6000003814697	30.4000005722046
15820	R2	1	649	6.85833311080933	825	117	22.6000003814697	30.4000005722046
1210	R1	1	649	6.70416641235352	835	119	22.2999992370605	30.0999994277954
1990	R1	4	649	6.70416641235352	835	119	22.2999992370605	30.0999994277954
17393	R2	6	649	6.70416641235352	835	119	22.2999992370605	30.0999994277954
25661	R2	2	649	6.70416641235352	835	119	22.2999992370605	30.0999994277954
1224	R1	1	649	6.70416641235352	835	119	22.2999992370605	30.0999994277954
17124	R2	6	649	6.70416641235352	835	119	22.2999992370605	30.0999994277954
1665	R1	1	380	9.37916660308838	712	94	25.1000003814697	29.6000003814697
11869	R2	6	380	9.37916660308838	712	94	25.1000003814697	29.6000003814697
5977	R1	6	264	9.04583358764648	845	108	23.8999996185303	27.599999666214
14983	R2	3	264	9.04583358764648	845	108	23.8999996185303	27.599999666214
17392	R2	1	264	9.04583358764648	845	108	23.8999996185303	27.599999666214
21056	R2	6	264	9.04583358764648	845	108	23.8999996185303	27.599999666214
124	R1	5	264	9.04583358764648	845	108	23.8999996185303	27.599999666214
7665	R2	2	264	9.04583358764648	845	108	23.8999996185303	27.599999666214
2422	R1	1	264	9.04583358764648	845	108	23.8999996185303	27.599999666214
16763	R2	6	264	9.04583358764648	845	108	23.8999996185303	27.599999666214
5108	R1	5	264	9.04583358764648	845	108	23.8999996185303	27.599999666214
5086	R1	5	264	9.04583358764648	845	108	23.8999996185303	27.599999666214
22680	R2	2	264	9.04583358764648	845	108	23.8999996185303	27.599999666214
400	R1	1	264	9.04583358764648	845	108	23.8999996185303	27.599999666214
8142	R2	2	264	9.04583358764648	845	108	23.8999996185303	27.599999666214
6279	R1	6	264	9.04583358764648	845	108	23.8999996185303	27.599999666214
4899	R1	1	264	9.04583358764648	845	108	23.8999996185303	27.599999666214
18393	R2	6	264	9.04583358764648	845	108	23.8999996185303	27.599999666214
5956	R1	6	264	9.04583358764648	845	108	23.8999996185303	27.599999666214
26498	R2	1	264	9.04583358764648	845	108	23.8999996185303	27.599999666214
13996	R2	6	264	9.04583358764648	845	108	23.8999996185303	27.599999666214
15457	R2	1	264	9.04583358764648	845	108	23.8999996185303	27.599999666214
27033	R2	6	264	9.04583358764648	845	108	23.8999996185303	27.599999666214
4992	R1	1	264	9.04583358764648	845	108	23.8999996185303	27.599999666214
1026	R1	1	264	9.04583358764648	845	108	23.8999996185303	27.599999666214
3598	R1	5	264	9.04583358764648	845	108	23.8999996185303	27.599999666214
14144	R2	6	264	9.04583358764648	845	108	23.8999996185303	27.599999666214
5789	R1	4	264	9.04583358764648	845	108	23.8999996185303	27.599999666214
421	R1	1	264	9.04583358764648	845	108	23.8999996185303	27.599999666214
12377	R2	2	513	8.09166717529297	878	123	23	28.5999999046326
4099	R1	4	513	8.09166717529297	878	123	23	28.5999999046326
20423	R2	3	513	8.09166717529297	878	123	23	28.5999999046326
13981	R2	6	850	6.85833358764648	1032	145	21.2000007629395	27.6000008583069
10676	R2	6	261	9.28333282470703	834	112	25.1000003814697	30.2000002861023
8254	R2	1	261	9.28333282470703	834	112	25.1000003814697	30.2000002861023
10393	R2	2	261	9.28333282470703	834	112	25.1000003814697	30.2000002861023
26224	R2	6	261	9.28333282470703	834	112	25.1000003814697	30.2000002861023
27388	R2	3	261	9.28333282470703	834	112	25.1000003814697	30.2000002861023
27852	R2	6	261	9.28333282470703	834	112	25.1000003814697	30.2000002861023
17185	R2	1	261	9.28333282470703	834	112	25.1000003814697	30.2000002861023
24972	R2	6	261	9.28333282470703	834	112	25.1000003814697	30.2000002861023
9142	R2	3	261	9.28333282470703	834	112	25.1000003814697	30.2000002861023
26974	R2	6	261	9.28333282470703	834	112	25.1000003814697	30.2000002861023
13344	R2	2	261	9.28333282470703	834	112	25.1000003814697	30.2000002861023
27122	R2	6	261	9.28333282470703	834	112	25.1000003814697	30.2000002861023
16405	R2	5	261	9.28333282470703	834	112	25.1000003814697	30.2000002861023
18191	R2	6	261	9.28333282470703	834	112	25.1000003814697	30.2000002861023
26878	R2	6	261	9.28333282470703	834	112	25.1000003814697	30.2000002861023
26623	R2	1	261	9.28333282470703	834	112	25.1000003814697	30.2000002861023
8422	R2	3	261	9.28333282470703	834	112	25.1000003814697	30.2000002861023
18847	R2	6	261	9.28333282470703	834	112	25.1000003814697	30.2000002861023
9463	R2	4	261	9.28333282470703	834	112	25.1000003814697	30.2000002861023
17944	R2	6	261	9.28333282470703	834	112	25.1000003814697	30.2000002861023
9006	R2	6	261	9.28333282470703	834	112	25.1000003814697	30.2000002861023
28337	R2	2	261	9.28333282470703	834	112	25.1000003814697	30.2000002861023
13312	R2	6	261	9.28333282470703	834	112	25.1000003814697	30.2000002861023
19765	R2	1	261	9.28333282470703	834	112	25.1000003814697	30.2000002861023
1835	R1	1	261	9.28333282470703	834	112	25.1000003814697	30.2000002861023
12204	R2	6	261	9.28333282470703	834	112	25.1000003814697	30.2000002861023
12530	R2	6	261	9.28333282470703	834	112	25.1000003814697	30.2000002861023
26245	R2	2	261	9.28333282470703	834	112	25.1000003814697	30.2000002861023
24433	R2	6	261	9.28333282470703	834	112	25.1000003814697	30.2000002861023
24088	R2	1	261	9.28333282470703	834	112	25.1000003814697	30.2000002861023
18763	R2	6	261	9.28333282470703	834	112	25.1000003814697	30.2000002861023
18364	R2	1	261	9.28333282470703	834	112	25.1000003814697	30.2000002861023
20710	R2	1	261	9.28333282470703	834	112	25.1000003814697	30.2000002861023
27058	R2	6	261	9.28333282470703	834	112	25.1000003814697	30.2000002861023
20417	R2	6	261	9.28333282470703	834	112	25.1000003814697	30.2000002861023
9628	R2	6	261	9.28333282470703	834	112	25.1000003814697	30.2000002861023
20338	R2	3	261	9.28333282470703	834	112	25.1000003814697	30.2000002861023
11030	R2	6	261	9.28333282470703	834	112	25.1000003814697	30.2000002861023
13783	R2	1	261	9.28333282470703	834	112	25.1000003814697	30.2000002861023
3071	R1	6	261	9.28333282470703	834	112	25.1000003814697	30.2000002861023
14813	R2	2	261	9.28333282470703	834	112	25.1000003814697	30.2000002861023
13673	R2	3	261	9.28333282470703	834	112	25.1000003814697	30.2000002861023
20911	R2	6	261	9.28333282470703	834	112	25.1000003814697	30.2000002861023
27232	R2	6	261	9.28333282470703	834	112	25.1000003814697	30.2000002861023
27070	R2	1	261	9.28333282470703	834	112	25.1000003814697	30.2000002861023
16455	R2	4	261	9.28333282470703	834	112	25.1000003814697	30.2000002861023
27490	R2	6	261	9.28333282470703	834	112	25.1000003814697	30.2000002861023
14159	R2	6	261	9.28333282470703	834	112	25.1000003814697	30.2000002861023
14070	R2	1	261	9.28333282470703	834	112	25.1000003814697	30.2000002861023
13414	R2	6	261	9.28333282470703	834	112	25.1000003814697	30.2000002861023
13225	R2	2	261	9.28333282470703	834	112	25.1000003814697	30.2000002861023
10344	R2	6	261	9.28333282470703	834	112	25.1000003814697	30.2000002861023
13688	R2	3	261	9.28333282470703	834	112	25.1000003814697	30.2000002861023
28407	R2	1	261	9.28333282470703	834	112	25.1000003814697	30.2000002861023
15945	R2	6	261	9.28333282470703	834	112	25.1000003814697	30.2000002861023
16709	R2	2	261	9.28333282470703	834	112	25.1000003814697	30.2000002861023
16822	R2	6	261	9.28333282470703	834	112	25.1000003814697	30.2000002861023
13457	R2	1	261	9.28333282470703	834	112	25.1000003814697	30.2000002861023
9510	R2	6	261	9.28333282470703	834	112	25.1000003814697	30.2000002861023
6995	R2	3	261	9.28333282470703	834	112	25.1000003814697	30.2000002861023
23837	R2	2	261	9.28333282470703	834	112	25.1000003814697	30.2000002861023
11811	R2	6	261	9.28333282470703	834	112	25.1000003814697	30.2000002861023
29274	R2	2	261	9.28333282470703	834	112	25.1000003814697	30.2000002861023
6960	R2	6	261	9.28333282470703	834	112	25.1000003814697	30.2000002861023
10722	R2	2	261	9.28333282470703	834	112	25.1000003814697	30.2000002861023
21156	R2	2	261	9.28333282470703	834	112	25.1000003814697	30.2000002861023
22235	R2	3	261	9.28333282470703	834	112	25.1000003814697	30.2000002861023
16165	R2	2	261	9.28333282470703	834	112	25.1000003814697	30.2000002861023
27248	R2	6	261	9.28333282470703	834	112	25.1000003814697	30.2000002861023
18192	R2	6	261	9.28333282470703	834	112	25.1000003814697	30.2000002861023
20635	R2	3	261	9.28333282470703	834	112	25.1000003814697	30.2000002861023
12537	R2	6	264	9.04583358764648	845	108	23.8999996185303	27.599999666214
801	R1	4	261	9.28333282470703	834	112	25.1000003814697	30.2000002861023
4818	R1	1	261	9.28333282470703	834	112	25.1000003814697	30.2000002861023
13549	R2	3	261	9.28333282470703	834	112	25.1000003814697	30.2000002861023
18350	R2	6	261	9.28333282470703	834	112	25.1000003814697	30.2000002861023
7426	R2	1	261	9.28333282470703	834	112	25.1000003814697	30.2000002861023
13778	R2	6	261	9.28333282470703	834	112	25.1000003814697	30.2000002861023
13121	R2	1	261	9.28333282470703	834	112	25.1000003814697	30.2000002861023
11258	R2	6	261	9.28333282470703	834	112	25.1000003814697	30.2000002861023
26203	R2	3	261	9.28333282470703	834	112	25.1000003814697	30.2000002861023
24793	R2	3	261	9.28333282470703	834	112	25.1000003814697	30.2000002861023
2740	R1	6	261	9.28333282470703	834	112	25.1000003814697	30.2000002861023
23906	R2	1	261	9.28333282470703	834	112	25.1000003814697	30.2000002861023
13851	R2	6	261	9.28333282470703	834	112	25.1000003814697	30.2000002861023
22654	R2	1	261	9.28333282470703	834	112	25.1000003814697	30.2000002861023
11281	R2	1	261	9.28333282470703	834	112	25.1000003814697	30.2000002861023
18157	R2	6	261	9.28333282470703	834	112	25.1000003814697	30.2000002861023
7245	R2	6	261	9.28333282470703	834	112	25.1000003814697	30.2000002861023
16157	R2	2	261	9.28333282470703	834	112	25.1000003814697	30.2000002861023
9319	R2	6	547	8.63749980926514	920	130	24.2999992370605	30.0999994277954
10908	R2	3	547	8.63749980926514	920	130	24.2999992370605	30.0999994277954
5948	R1	5	246	9.04166698455811	645	92	24.6000003814697	29.1000003814697
21451	R2	3	246	9.04166698455811	645	92	24.6000003814697	29.1000003814697
17296	R2	1	246	9.04166698455811	645	92	24.6000003814697	29.1000003814697
27026	R2	6	246	9.04166698455811	645	92	24.6000003814697	29.1000003814697
19283	R2	6	242	8.94583320617676	690	99	24.3999996185303	29.0999994277954
18177	R2	4	242	8.94583320617676	690	99	24.3999996185303	29.0999994277954
8147	R2	6	236	9.49583339691162	727	98	25.2000007629395	29.8000006675721
15781	R2	2	236	9.49583339691162	727	98	25.2000007629395	29.8000006675721
13814	R2	5	236	9.49583339691162	727	98	25.2000007629395	29.8000006675721
27178	R2	2	236	9.49583339691162	727	98	25.2000007629395	29.8000006675721
13650	R2	1	236	9.49583339691162	727	98	25.2000007629395	29.8000006675721
18835	R2	3	236	9.49583339691162	727	98	25.2000007629395	29.8000006675721
11880	R2	2	NA	NA	NA	NA	NA	NA
19479	R2	4	NA	NA	NA	NA	NA	NA
21369	R2	5	314	9.30416679382324	708	94	25	29.4000000953674
18708	R2	1	314	9.30416679382324	708	94	25	29.4000000953674
17694	R2	1	314	9.30416679382324	708	94	25	29.4000000953674
20672	R2	6	314	9.30416679382324	708	94	25	29.4000000953674
9363	R2	1	459	8.35416603088379	915	112	22.7999992370605	26.8999991416931
13680	R2	6	459	8.35416603088379	915	112	22.7999992370605	26.8999991416931
13921	R2	4	459	8.35416603088379	915	112	22.7999992370605	26.8999991416931
29248	R2	3	459	8.35416603088379	915	112	22.7999992370605	26.8999991416931
658	R1	1	531	7.53333330154419	1042	121	21.7999992370605	26.5999994277954
17353	R2	6	531	7.53333330154419	1042	121	21.7999992370605	26.5999994277954
7701	R2	6	695	6.83750009536743	942	136	21.8999996185303	28.8999996185303
13837	R2	1	695	6.83750009536743	942	136	21.8999996185303	28.8999996185303
7559	R2	1	695	6.83750009536743	942	136	21.8999996185303	28.8999996185303
15021	R2	6	695	6.83750009536743	942	136	21.8999996185303	28.8999996185303
14049	R2	6	729	6.79166650772095	961	138	21.8999996185303	28.8999996185303
27423	R2	2	729	6.79166650772095	961	138	21.8999996185303	28.8999996185303
10829	R2	6	729	6.23750019073486	1041	148	21.1000003814697	28.4000005722046
24624	R2	2	729	6.23750019073486	1041	148	21.1000003814697	28.4000005722046
11248	R2	4	581	8.63333320617676	1255	156	22.3999996185303	25.8999996185303
14114	R2	1	581	8.63333320617676	1255	156	22.3999996185303	25.8999996185303
21640	R2	1	581	8.63333320617676	1255	156	22.3999996185303	25.8999996185303
18402	R2	6	581	8.63333320617676	1255	156	22.3999996185303	25.8999996185303
9247	R2	1	670	8.50833320617676	1164	146	22.6000003814697	26.6000003814697
27215	R2	3	670	8.50833320617676	1164	146	22.6000003814697	26.6000003814697
18653	R2	6	587	8.52916622161865	1469	176	22.2999992370605	25.2999992370605
16861	R2	1	587	8.52916622161865	1469	176	22.2999992370605	25.2999992370605
12160	R2	5	515	9.16666698455811	1467	181	22.8999996185303	25.1999995708466
17597	R2	1	515	9.16666698455811	1467	181	22.8999996185303	25.1999995708466
10899	R2	6	663	7.92083311080933	1502	183	21.5	25.5999999046326
15445	R2	1	663	7.92083311080933	1502	183	21.5	25.5999999046326
19321	R2	6	478	9.29166698455811	1173	149	23.1000003814697	26.0000004768371
19817	R2	1	478	9.29166698455811	1173	149	23.1000003814697	26.0000004768371
8662	R2	6	479	9.29166698455811	1173	149	23.1000003814697	26.0000004768371
14004	R2	1	479	9.29166698455811	1173	149	23.1000003814697	26.0000004768371
11989	R2	6	490	9.25416660308838	1159	147	23	25.7999999523163
9906	R2	2	490	9.25416660308838	1159	147	23	25.7999999523163
7814	R2	1	798	7.16249990463257	1546	190	21	26.1999998092651
21798	R2	6	798	7.16249990463257	1546	190	21	26.1999998092651
3129	R1	4	893	7.07916641235352	1605	192	20.7999992370605	25.7999992370605
9702	R2	1	893	7.07916641235352	1605	192	20.7999992370605	25.7999992370605
4233	R1	4	807	7.50416660308838	1594	190	21.3999996185303	26.0999994277954
11734	R2	1	807	7.50416660308838	1594	190	21.3999996185303	26.0999994277954
13784	R2	6	864	7.39166688919067	1593	190	21.2000007629395	26.0000009536744
26601	R2	1	864	7.39166688919067	1593	190	21.2000007629395	26.0000009536744
28458	R2	1	790	6.76249980926514	1629	194	20.5	26
26186	R2	6	790	6.76249980926514	1629	194	20.5	26
15089	R2	2	795	7.40833330154419	1633	193	21.2999992370605	26.1999993324279
29234	R2	4	795	7.40833330154419	1633	193	21.2999992370605	26.1999993324279
6077	R1	6	880	6.90000009536743	1646	196	20.6000003814697	25.9000005722046
19810	R2	3	880	6.90000009536743	1646	196	20.6000003814697	25.9000005722046
10360	R2	1	658	7.94999980926514	1552	186	21.8999996185303	26.1999998092652
11107	R2	6	658	7.94999980926514	1552	186	21.8999996185303	26.1999998092652
5011	R1	4	653	8.03333377838135	1558	184	22.1000003814697	26.4000005722046
13009	R2	1	653	8.03333377838135	1558	184	22.1000003814697	26.4000005722046
9273	R2	6	772	7.25833320617676	1632	189	21.2000007629395	26.3000006675721
23824	R2	2	772	7.25833320617676	1632	189	21.2000007629395	26.3000006675721
14015	R2	6	651	8.17916679382324	1525	182	22	25.9000000953674
29118	R2	1	651	8.17916679382324	1525	182	22	25.9000000953674
11480	R2	2	581	8.64583301544189	1481	179	22.3999996185303	25.6999995708466
13484	R2	5	581	8.64583301544189	1481	179	22.3999996185303	25.6999995708466
14060	R2	4	709	7.67083358764648	1510	183	21.5	26.0999999046326
14063	R2	6	709	7.67083358764648	1510	183	21.5	26.0999999046326
29225	R2	1	709	7.67083358764648	1510	183	21.5	26.0999999046326
14006	R2	3	929	7.19583320617676	1538	187	20.8999996185303	25.7999997138977
28413	R2	6	929	7.19583320617676	1538	187	20.8999996185303	25.7999997138977
12044	R2	1	690	7.95000028610229	1520	184	21.7000007629395	25.9000005722046
14087	R2	4	690	7.95000028610229	1520	184	21.7000007629395	25.9000005722046
10960	R2	1	661	7.95000028610229	1520	184	21.7000007629395	25.9000005722046
15482	R2	6	661	7.95000028610229	1520	184	21.7000007629395	25.9000005722046
14099	R2	6	694	7.70416688919067	1539	185	21.5	26
21292	R2	1	694	7.70416688919067	1539	185	21.5	26
8069	R2	6	873	7.30416679382324	1551	189	21.1000003814697	26.0000004768371
22762	R2	1	873	7.30416679382324	1551	189	21.1000003814697	26.0000004768371
13652	R2	6	1067	6.33333349227905	1125	166	20.8999996185303	28.0999994277954
21549	R2	1	1067	6.33333349227905	1125	166	20.8999996185303	28.0999994277954
2234	R1	1	788	7.48750019073486	969	129	24.1000003814697	32.8000001907348
9220	R2	6	788	7.48750019073486	969	129	24.1000003814697	32.8000001907348
20321	R2	2	788	7.74583339691162	952	126	24.6000003814697	33.4000005722046
14317	R2	6	788	7.74583339691162	952	126	24.6000003814697	33.4000005722046
13482	R2	2	788	7.74583339691162	952	126	24.6000003814697	33.4000005722046
15037	R2	6	788	7.74583339691162	952	126	24.6000003814697	33.4000005722046
12684	R2	6	788	7.48750019073486	969	129	24.1000003814697	32.8000001907348
10239	R2	1	788	7.48750019073486	969	129	24.1000003814697	32.8000001907348
10163	R2	1	521	7.77500009536743	1417	190	22.6000003814697	28.3000001907348
14068	R2	6	521	7.77500009536743	1417	190	22.6000003814697	28.3000001907348
10912	R2	3	374	8.63749980926514	859	116	23.7000007629395	28.2000007629395
13533	R2	5	374	8.63749980926514	859	116	23.7000007629395	28.2000007629395
10966	R2	5	374	8.63749980926514	859	116	23.7000007629395	28.2000007629395
6748	R2	1	374	8.63749980926514	859	116	23.7000007629395	28.2000007629395
6180	R1	1	361	8.62916660308838	831	114	23.7000007629395	28.2000007629395
15895	R2	6	361	8.62916660308838	831	114	23.7000007629395	28.2000007629395
2356	R1	6	348	8.65833377838135	832	114	23.7000007629395	28.2000007629395
21061	R2	2	348	8.65833377838135	832	114	23.7000007629395	28.2000007629395
19814	R2	4	298	8.82499980926514	808	112	24.1000003814697	28.7000002861023
20952	R2	2	298	8.82499980926514	808	112	24.1000003814697	28.7000002861023
6942	R2	3	590	7.56666660308838	866	122	22.7000007629395	28.6000008583069
17648	R2	2	590	7.56666660308838	866	122	22.7000007629395	28.6000008583069
1630	R1	1	590	7.56666660308838	866	122	22.7000007629395	28.6000008583069
11919	R2	6	590	7.56666660308838	866	122	22.7000007629395	28.6000008583069
10876	R2	6	469	7.80416679382324	841	118	22.7000007629395	28.1000008583069
29277	R2	2	469	7.80416679382324	841	118	22.7000007629395	28.1000008583069
7445	R2	3	987	6.55000019073486	1532	190	20.3999996185303	26.0999994277954
12704	R2	3	987	6.55000019073486	1532	190	20.3999996185303	26.0999994277954
9485	R2	2	898	6.55000019073486	1532	190	20.3999996185303	26.0999994277954
16306	R2	6	898	6.55000019073486	1532	190	20.3999996185303	26.0999994277954
11557	R2	6	531	9.24583339691162	1181	148	23.2000007629395	26.3000006675721
21034	R2	1	531	9.24583339691162	1181	148	23.2000007629395	26.3000006675721
5473	R1	6	411	9.53750038146973	1316	169	23.8999996185303	26.6999995708466
13701	R2	1	411	9.53750038146973	1316	169	23.8999996185303	26.6999995708466
7452	R2	1	425	9.45416641235352	1251	163	23.7000007629395	26.8000006675721
13861	R2	6	425	9.45416641235352	1251	163	23.7000007629395	26.8000006675721
4759	R1	6	423	9.42916679382324	1267	166	23.7000007629395	26.8000006675721
11910	R2	1	423	9.42916679382324	1267	166	23.7000007629395	26.8000006675721
544	R1	1	793	7.21666669845581	1543	190	21.1000003814697	26.2000002861023
13757	R2	4	793	7.21666669845581	1543	190	21.1000003814697	26.2000002861023
9026	R2	6	232	8.95416641235352	692	99	24.2999992370605	28.8999991416931
23348	R2	1	232	8.95416641235352	692	99	24.2999992370605	28.8999991416931
27210	R2	6	232	8.95416641235352	692	99	24.2999992370605	28.8999991416931
22656	R2	1	232	8.95416641235352	692	99	24.2999992370605	28.8999991416931
22260	R2	3	311	8.92083358764648	886	115	23.8999996185303	27.7999997138977
26441	R2	6	311	8.92083358764648	886	115	23.8999996185303	27.7999997138977
10782	R2	6	311	8.92083358764648	886	115	23.8999996185303	27.7999997138977
7350	R2	1	311	8.92083358764648	886	115	23.8999996185303	27.7999997138977
1463	R1	4	257	9.19583320617676	766	105	24.7000007629395	28.7000007629395
21018	R2	1	257	9.19583320617676	766	105	24.7000007629395	28.7000007629395
14378	R2	1	303	8.80833339691162	852	112	23.7000007629395	27.8000006675721
27547	R2	4	303	8.80833339691162	852	112	23.7000007629395	27.8000006675721
19871	R2	4	328	8.68333339691162	853	112	23.5	27.5999999046326
23631	R2	1	328	8.68333339691162	853	112	23.5	27.5999999046326
11264	R2	4	326	8.77083301544189	779	107	24	28.5
10282	R2	3	326	8.77083301544189	779	107	24	28.5
2419	R1	5	326	8.77083301544189	779	107	24	28.5
9049	R2	1	326	8.77083301544189	779	107	24	28.5
17137	R2	1	325	8.66666698455811	786	109	24	28.6999998092651
16869	R2	6	325	8.66666698455811	786	109	24	28.6999998092651
8460	R2	1	325	8.66666698455811	786	109	24	28.6999998092651
16499	R2	3	325	8.66666698455811	786	109	24	28.6999998092651
21103	R2	6	337	8.68333339691162	853	112	23.5	27.5999999046326
18991	R2	3	337	8.68333339691162	853	112	23.5	27.5999999046326
755	R1	1	636	7.72916650772095	863	116	22.2999992370605	27.2999992370605
26946	R2	6	636	7.72916650772095	863	116	22.2999992370605	27.2999992370605
16512	R2	1	636	7.72916650772095	863	116	22.2999992370605	27.2999992370605
26704	R2	6	636	7.72916650772095	863	116	22.2999992370605	27.2999992370605
13852	R2	6	831	6.80833339691162	1070	149	21	26.5
19931	R2	1	831	6.80833339691162	1070	149	21	26.5
1727	R1	5	423	8.50416660308838	1320	170	22.7999992370605	26.6999993324279
24893	R2	2	423	8.50416660308838	1320	170	22.7999992370605	26.6999993324279
3387	R1	5	423	8.50416660308838	1320	170	22.7999992370605	26.6999993324279
16269	R2	1	423	8.50416660308838	1320	170	22.7999992370605	26.6999993324279
13952	R2	5	426	8.55833339691162	1301	167	22.8999996185303	26.7999997138977
20114	R2	1	426	8.55833339691162	1301	167	22.8999996185303	26.7999997138977
15529	R2	6	426	8.55833339691162	1301	167	22.8999996185303	26.7999997138977
18378	R2	1	426	8.55833339691162	1301	167	22.8999996185303	26.7999997138977
17928	R2	1	443	8.54583358764648	981	130	23.2000007629395	27.3000006675721
20377	R2	4	443	8.54583358764648	981	130	23.2000007629395	27.3000006675721
22089	R2	1	709	7.67083358764648	1510	183	21.5	26.0999999046326
26380	R2	6	508	8.27916622161865	974	130	23	27.5
25905	R2	3	508	8.27916622161865	974	130	23	27.5
7694	R2	2	457	8.54583358764648	981	130	23.2000007629395	27.3000006675721
16375	R2	4	457	8.54583358764648	981	130	23.2000007629395	27.3000006675721
14018	R2	5	517	7.62916660308838	984	133	22.2000007629395	27.5000009536744
21415	R2	4	517	7.62916660308838	984	133	22.2000007629395	27.5000009536744
15974	R2	4	814	5.49583339691162	1167	161	19.5	26.5
16942	R2	1	375	8.56666660308838	905	123	23.2999992370605	27.6999993324279
25950	R2	6	375	8.56666660308838	905	123	23.2999992370605	27.6999993324279
20584	R2	1	726	7.84583330154419	974	131	22.3999996185303	27.4999995231629
18208	R2	6	726	7.84583330154419	974	131	22.3999996185303	27.4999995231629
1338	R1	5	512	7.625	1519	196	21.5	26.1999998092651
18363	R2	1	512	7.625	1519	196	21.5	26.1999998092651
19402	R2	1	647	7.54999971389771	1426	186	21.2999992370605	25.8999991416931
17144	R2	4	647	7.54999971389771	1426	186	21.2999992370605	25.8999991416931
18301	R2	2	478	8.30833339691162	1462	188	22.2999992370605	26.2999992370605
26044	R2	6	478	8.30833339691162	1462	188	22.2999992370605	26.2999992370605
2915	R1	4	478	8.30833339691162	1462	188	22.2999992370605	26.2999992370605
11330	R2	1	478	8.30833339691162	1462	188	22.2999992370605	26.2999992370605
14224	R2	2	387	8.64166641235352	1118	141	23.5	27.5999999046326
17506	R2	6	508	8.09166717529297	1185	149	22.7000007629395	27.2000007629395
13969	R2	6	479	7.83333349227905	1350	185	22.2999992370605	27.7999992370605
16808	R2	6	479	7.83333349227905	1350	185	22.2999992370605	27.7999992370605
14374	R2	1	602	7.5	959	128	22	27.1999998092651
27933	R2	4	602	7.5	959	128	22	27.1999998092651
25227	R2	6	619	7.69999980926514	927	125	22.3999996185303	27.5999994277954
24652	R2	1	619	7.69999980926514	927	125	22.3999996185303	27.5999994277954
21175	R2	6	650	7.69999980926514	927	125	22.3999996185303	27.5999994277954
23190	R2	1	650	7.69999980926514	927	125	22.3999996185303	27.5999994277954
17902	R2	6	814	6.28749990463257	1085	146	20.3999996185303	26.4999995231629
24567	R2	3	814	6.28749990463257	1085	146	20.3999996185303	26.4999995231629
13731	R2	6	719	6.83750009536743	1045	141	21	26.5
21213	R2	1	719	6.83750009536743	1045	141	21	26.5
9263	R2	4	719	7.59999990463257	957	129	22.1000003814697	27.3000001907348
7700	R2	3	719	7.59999990463257	957	129	22.1000003814697	27.3000001907348
16219	R2	6	588	7.65416669845581	950	127	22.2000007629395	27.4000005722046
20310	R2	2	588	7.65416669845581	950	127	22.2000007629395	27.4000005722046
2787	R1	5	886	6.26666641235352	1063	142	20.3999996185303	26.2999997138977
28714	R2	2	886	6.26666641235352	1063	142	20.3999996185303	26.2999997138977
14268	R2	4	786	6.26666641235352	1063	142	20.3999996185303	26.2999997138977
24464	R2	1	786	6.26666641235352	1063	142	20.3999996185303	26.2999997138977
10596	R2	2	931	5.90833330154419	1141	154	19.7999992370605	25.7999992370605
17715	R2	6	931	5.90833330154419	1141	154	19.7999992370605	25.7999992370605
14057	R2	1	854	6.57083320617676	1073	146	20.7000007629395	26.4000005722046
22229	R2	6	854	6.57083320617676	1073	146	20.7000007629395	26.4000005722046
15694	R2	2	744	6.80416679382324	1043	142	21	26.5999999046326
15199	R2	6	744	6.80416679382324	1043	142	21	26.5999999046326
19077	R2	1	1084	5.54166650772095	1186	171	19.3999996185303	26.4999995231629
19784	R2	6	1084	5.54166650772095	1186	171	19.3999996185303	26.4999995231629
15344	R2	3	976	5.5625	1196	163	19.5	26.3000001907349
1042	R1	1	976	5.5625	1196	163	19.5	26.3000001907349
3388	R1	1	567	7.82499980926514	923	131	22.5	28.0999999046326
13806	R2	6	567	7.82499980926514	923	131	22.5	28.0999999046326
26490	R2	5	540	8.17500019073486	872	124	23	28.4000000953674
23586	R2	1	540	8.17500019073486	872	124	23	28.4000000953674
11977	R2	3	554	7.92083311080933	907	129	22.7000007629395	28.5000009536744
25352	R2	3	554	7.92083311080933	907	129	22.7000007629395	28.5000009536744
2870	R1	1	557	7.74166679382324	919	131	22.3999996185303	28.1999998092652
12417	R2	3	557	7.74166679382324	919	131	22.3999996185303	28.1999998092652
8455	R2	1	367	8.93333339691162	842	119	24.2999992370605	29.6999993324279
17865	R2	6	367	8.93333339691162	842	119	24.2999992370605	29.6999993324279
1452	R1	1	429	8.88333320617676	803	109	24.2999992370605	29.2999992370605
5116	R1	6	429	8.88333320617676	803	109	24.2999992370605	29.2999992370605
8459	R2	1	353	8.35000038146973	906	109	23.3999996185303	27.7999997138977
18255	R2	6	353	8.35000038146973	906	109	23.3999996185303	27.7999997138977
27630	R2	1	353	8.35000038146973	906	109	23.3999996185303	27.7999997138977
11045	R2	1	367	7.74166679382324	1008	118	22.1000003814697	26.7000002861023
26897	R2	6	367	7.74166679382324	1008	118	22.1000003814697	26.7000002861023
22	R1	6	394	8.73333358764648	649	82	23.3999996185303	27.2999997138977
17514	R2	1	394	8.73333358764648	649	82	23.3999996185303	27.2999997138977
1895	R1	5	178	9.88749980926514	532	73	25.2000007629395	28.5000007152558
5841	R1	1	178	9.88749980926514	532	73	25.2000007629395	28.5000007152558
13266	R2	3	178	9.84583282470703	530	73	25	28.2000000476837
28307	R2	1	178	9.84583282470703	530	73	25	28.2000000476837
3904	R1	1	360	9.20833301544189	591	79	24.6000003814697	28.400000333786
27256	R2	4	360	9.20833301544189	591	79	24.6000003814697	28.400000333786
18794	R2	6	360	9.20833301544189	591	79	24.6000003814697	28.400000333786
20630	R2	2	360	9.20833301544189	591	79	24.6000003814697	28.400000333786
215	R1	5	297	9.17500019073486	601	80	24.7000007629395	28.5000007152558
3085	R1	1	297	9.17500019073486	601	80	24.7000007629395	28.5000007152558
13779	R2	6	307	9.12916660308838	605	80	24.6000003814697	28.400000333786
29167	R2	1	307	9.12916660308838	605	80	24.6000003814697	28.400000333786
5683	R1	6	320	9.12916660308838	605	80	24.6000003814697	28.400000333786
15249	R2	1	320	9.12916660308838	605	80	24.6000003814697	28.400000333786
10700	R2	3	474	7.49166679382324	668	94	22.2999992370605	27.1999993324279
22612	R2	1	474	7.49166679382324	668	94	22.2999992370605	27.1999993324279
1450	R1	1	474	7.49166679382324	668	94	22.2999992370605	27.1999993324279
28248	R2	4	474	7.49166679382324	668	94	22.2999992370605	27.1999993324279
250	R1	4	183	10.1125001907349	567	72	26.2999992370605	29.3999991416931
23737	R2	2	183	10.1125001907349	567	72	26.2999992370605	29.3999991416931
27009	R2	6	183	10.125	570	72	26.2999992370605	29.3999991416931
11185	R2	6	874	6.09166669845581	1066	150	20.8999996185303	28.3999996185303
20157	R2	3	874	6.09166669845581	1066	150	20.8999996185303	28.3999996185303
11181	R2	4	242	9.49583339691162	580	73	24.2000007629395	27.3000006675721
24139	R2	2	242	9.49583339691162	580	73	24.2000007629395	27.3000006675721
13919	R2	1	242	9.49583339691162	580	73	24.2000007629395	27.3000006675721
24490	R2	6	242	9.49583339691162	580	73	24.2000007629395	27.3000006675721
10956	R2	3	291	9.64583301544189	560	76	25.5	29.0999999046326
29623	R2	1	291	9.64583301544189	560	76	25.5	29.0999999046326
5235	R1	1	277	9.30833339691162	593	77	24.2000007629395	27.7000007629395
26574	R2	6	277	9.30833339691162	593	77	24.2000007629395	27.7000007629395
7958	R2	1	285	9.3125	585	77	24.8999996185303	28.599999666214
20168	R2	4	285	9.3125	585	77	24.8999996185303	28.599999666214
21829	R2	1	524	7.8125	847	113	22.5	27.5
28854	R2	4	524	7.8125	847	113	22.5	27.5
21142	R2	3	524	7.8125	847	113	22.5	27.5
26953	R2	6	524	7.8125	847	113	22.5	27.5
9350	R2	6	789	7.09999990463257	951	133	21.8999996185303	27.6999998092652
7719	R2	2	789	7.09999990463257	951	133	21.8999996185303	27.6999998092652
2061	R1	1	672	7.41666650772095	899	125	22.2999992370605	27.8999991416931
10445	R2	6	672	7.41666650772095	899	125	22.2999992370605	27.8999991416931
16238	R2	6	672	7.41666650772095	899	125	22.2999992370605	27.8999991416931
24589	R2	3	672	7.41666650772095	899	125	22.2999992370605	27.8999991416931
15647	R2	1	589	7.41666650772095	899	125	22.2999992370605	27.8999991416931
17183	R2	6	589	7.41666650772095	899	125	22.2999992370605	27.8999991416931
11583	R2	5	741	7.16666650772095	948	132	22	27.6999998092651
15315	R2	1	741	7.16666650772095	948	132	22	27.6999998092651
10300	R2	2	741	7.75416660308838	847	117	22.7999992370605	28.2999992370605
22309	R2	6	741	7.75416660308838	847	117	22.7999992370605	28.2999992370605
8212	R2	1	717	7.6875	861	119	22.7000007629395	28.2000007629395
8889	R2	6	717	7.6875	861	119	22.7000007629395	28.2000007629395
12067	R2	6	376	8.75	688	91	24.3999996185303	28.9999995231629
25785	R2	1	376	8.75	688	91	24.3999996185303	28.9999995231629
21546	R2	4	376	8.75	688	91	24.3999996185303	28.9999995231629
7624	R2	1	376	8.75	688	91	24.3999996185303	28.9999995231629
1339	R1	4	376	8.75	688	91	24.3999996185303	28.9999995231629
13581	R2	1	376	8.75	688	91	24.3999996185303	28.9999995231629
10466	R2	1	385	8.75	688	91	24.3999996185303	28.9999995231629
18621	R2	6	385	8.75	688	91	24.3999996185303	28.9999995231629
1096	R1	1	201	9.64583301544189	829	106	25.6000003814697	30.2000002861023
18664	R2	4	201	9.64583301544189	829	106	25.6000003814697	30.2000002861023
11347	R2	3	257	9.88333320617676	605	77	25.7000007629395	29.1000008583069
17952	R2	6	257	9.88333320617676	605	77	25.7000007629395	29.1000008583069
3693	R1	1	288	9.11666679382324	635	85	24.8999996185303	29.3999996185303
20715	R2	6	288	9.11666679382324	635	85	24.8999996185303	29.3999996185303
13493	R2	1	288	9.11666679382324	635	85	24.8999996185303	29.3999996185303
13782	R2	5	288	9.11666679382324	635	85	24.8999996185303	29.3999996185303
23091	R2	2	167	9.96249961853027	544	70	24.7999992370605	27.4999992847442
11113	R2	6	167	9.99166679382324	545	70	24.8999996185303	27.599999666214
13350	R2	3	167	9.99166679382324	545	70	24.8999996185303	27.599999666214
14149	R2	3	219	9.77916622161865	638	81	25.7000007629395	29.3000006675721
19334	R2	6	219	9.77916622161865	638	81	25.7000007629395	29.3000006675721
20372	R2	1	219	9.77916622161865	638	81	25.7000007629395	29.3000006675721
29325	R2	6	219	9.77916622161865	638	81	25.7000007629395	29.3000006675721
11063	R2	2	219	9.77916622161865	638	81	25.7000007629395	29.3000006675721
29761	R2	6	219	9.77916622161865	638	81	25.7000007629395	29.3000006675721
9474	R2	3	219	9.77916622161865	638	81	25.7000007629395	29.3000006675721
28046	R2	4	219	9.77916622161865	638	81	25.7000007629395	29.3000006675721
8758	R2	6	171	9.89166641235352	658	87	26.2999992370605	29.8999991416931
10060	R2	4	171	9.89166641235352	658	87	26.2999992370605	29.8999991416931
13960	R2	6	171	9.92500019073486	662	88	26.2999992370605	29.7999992370605
3009	R1	5	171	9.92500019073486	662	88	26.2999992370605	29.7999992370605
15556	R2	3	171	9.97500038146973	654	87	26.2999992370605	29.7999992370605
18374	R2	4	171	9.97500038146973	654	87	26.2999992370605	29.7999992370605
1667	R1	1	246	9.71249961853027	663	86	26	29.7000000476837
19164	R2	3	246	9.71249961853027	663	86	26	29.7000000476837
19354	R2	1	672	6.94166660308838	925	133	22.1000003814697	29.0000004768371
17182	R2	6	672	6.94166660308838	925	133	22.1000003814697	29.0000004768371
6407	R2	6	455	7.75	824	120	23	29.1999998092651
21426	R2	6	455	7.75	824	120	23	29.1999998092651
14162	R2	1	743	7.3125	978	128	21.7000007629395	27.0000009536744
12744	R2	4	743	7.3125	978	128	21.7000007629395	27.0000009536744
11543	R2	1	743	7.3125	978	128	21.7000007629395	27.0000009536744
15234	R2	6	743	7.3125	978	128	21.7000007629395	27.0000009536744
10595	R2	1	490	8.46666622161865	872	114	23.5	28.4000000953674
17395	R2	6	490	8.46666622161865	872	114	23.5	28.4000000953674
19418	R2	3	490	8.46666622161865	872	114	23.5	28.4000000953674
15991	R2	6	490	8.46666622161865	872	114	23.5	28.4000000953674
13959	R2	5	757	6.39583349227905	1205	173	21.3999996185303	28.6999998092652
20501	R2	3	757	6.39583349227905	1205	173	21.3999996185303	28.6999998092652
11623	R2	6	778	6.25	1210	173	21.2999992370605	28.6999993324279
24335	R2	1	778	6.25	1210	173	21.2999992370605	28.6999993324279
13777	R2	6	639	6.85416650772095	1286	176	21.7999992370605	28.4999990463256
19907	R2	1	639	6.85416650772095	1286	176	21.7999992370605	28.4999990463256
13639	R2	6	643	6.84999990463257	869	123	22.3999996185303	29.8999996185303
21251	R2	3	643	6.84999990463257	869	123	22.3999996185303	29.8999996185303
26054	R2	1	183	10.125	570	72	26.2999992370605	29.3999991416931
11955	R2	1	643	6.84999990463257	869	123	22.3999996185303	29.8999996185303
13927	R2	6	643	6.84999990463257	869	123	22.3999996185303	29.8999996185303
11605	R2	6	642	7.90416669845581	862	111	22.7000007629395	28.0000009536744
28226	R2	1	642	7.90416669845581	862	111	22.7000007629395	28.0000009536744
10778	R2	4	481	8.29166698455811	831	108	23.2000007629395	28.2000007629395
29722	R2	2	481	8.29166698455811	831	108	23.2000007629395	28.2000007629395
10957	R2	1	479	8.48750019073486	803	105	23.5	28.4000000953674
19352	R2	4	479	8.48750019073486	803	105	23.5	28.4000000953674
8508	R2	6	688	7.72916650772095	840	106	22.3999996185303	27.5999994277954
17300	R2	6	399	9.00416660308838	728	96	24.1000003814697	28.6000003814697
8287	R2	6	289	9.74166679382324	596	78	25.6000003814697	29.5000004768371
25282	R2	4	289	9.74166679382324	596	78	25.6000003814697	29.5000004768371
28806	R2	3	145	10.0249996185303	598	70	25.7000007629395	29.1000008583069
19151	R2	3	146	10.0500001907349	587	69	25.6000003814697	28.900000333786
26922	R2	6	146	10.0500001907349	587	69	25.6000003814697	28.900000333786
11953	R2	1	165	10.0625	546	70	24.8999996185303	27.4999995231629
15488	R2	5	165	10.0625	546	70	24.8999996185303	27.4999995231629
849	R1	1	555.32831	8.10833358764648	1220	139	24.7999992370605	31.6999993324279
4310	R1	6	555.32831	8.10833358764648	1220	139	24.7999992370605	31.6999993324279
30393	R3	1	178.36015	9.91250038146973	529	72	25.2000007629395	28.4000008106232
31343	R3	6	178.36015	9.91250038146973	529	72	25.2000007629395	28.4000008106232
30961	R3	3	178.70143	9.91250038146973	529	72	25.2000007629395	28.4000008106232
32284	R3	1	178.70143	9.91250038146973	529	72	25.2000007629395	28.4000008106232
30973	R3	6	355.04013	8.73750019073486	898	117	23.5	27.5
32371	R3	3	355.04013	8.73750019073486	898	117	23.5	27.5
30221	R3	6	393.92072	8.48750019073486	1018	126	23.2999992370605	27.3999991416931
33002	R3	2	393.92072	8.48750019073486	1018	126	23.2999992370605	27.3999991416931
30101	R3	3	390.98975	9.03333377838135	825	118	24.6000003814697	29.9000005722046
33102	R3	1	390.98975	9.03333377838135	825	118	24.6000003814697	29.9000005722046
29856	R3	3	403.99603	9.14583301544189	814	117	24.7000007629395	29.9000005722046
31889	R3	2	403.99603	9.14583301544189	814	117	24.7000007629395	29.9000005722046
30250	R3	5	396.72803	9.14583301544189	814	117	24.7000007629395	29.9000005722046
33319	R3	3	396.72803	9.14583301544189	814	117	24.7000007629395	29.9000005722046
30551	R3	1	218.26524	9.12083339691162	641	92	24.6000003814697	28.9000005722046
31141	R3	1	218.26524	9.12083339691162	641	92	24.6000003814697	28.9000005722046
30854	R3	2	238.00212	8.96249961853027	701	99	24.3999996185303	28.8999996185303
31678	R3	6	238.00212	8.96249961853027	701	99	24.3999996185303	28.8999996185303
30013	R3	2	237.24382	8.97083377838135	701	99	24.3999996185303	28.8999996185303
31378	R3	6	237.24382	8.97083377838135	701	99	24.3999996185303	28.8999996185303
30236	R3	6	724.18909	6.76249980926514	961	133	22.6000003814697	30.7000007629394
30395	R3	4	724.18909	6.76249980926514	961	133	22.6000003814697	30.7000007629394
32064	R3	6	545.41626	8.02499961853027	1161	141	24.2999992370605	30.7999992370605
30900	R3	3	545.41626	8.02499961853027	1161	141	24.2999992370605	30.7999992370605
31743	R3	1	545.40814	8.02499961853027	1161	141	24.2999992370605	30.7999992370605
33160	R3	6	545.40814	8.02499961853027	1161	141	24.2999992370605	30.7999992370605
30464	R3	6	550.08508	8.02499961853027	1161	141	24.2999992370605	30.7999992370605
32022	R3	3	550.08508	8.02499961853027	1161	141	24.2999992370605	30.7999992370605
29854	R3	4	524.1355	7.75416660308838	986	129	24	31.3000001907349
32759	R3	6	524.1355	7.75416660308838	986	129	24	31.3000001907349
30029	R3	4	235.56668	8.96666622161865	686	98	24.2999992370605	28.8999991416931
31780	R3	2	235.56668	8.96666622161865	686	98	24.2999992370605	28.8999991416931
30549	R3	4	247.3893	9.24583339691162	875	112	24.7999992370605	29.6999993324279
30203	R3	6	247.3893	9.24583339691162	875	112	24.7999992370605	29.6999993324279
31192	R3	3	244.8175	9.33333301544189	867	111	24.8999996185303	29.7999997138977
32559	R3	3	244.8175	9.33333301544189	867	111	24.8999996185303	29.7999997138977
33300	R3	6	246.58035	9.24583339691162	875	112	24.7999992370605	29.6999993324279
32300	R3	2	246.58035	9.24583339691162	875	112	24.7999992370605	29.6999993324279
31201	R3	6	330.93445	8.56666660308838	920	114	23.3999996185303	27.3999996185303
31647	R3	2	330.93445	8.56666660308838	920	114	23.3999996185303	27.3999996185303
30010	R3	6	329.85507	8.56666660308838	920	114	23.3999996185303	27.3999996185303
32505	R3	3	329.85507	8.56666660308838	920	114	23.3999996185303	27.3999996185303
33531	R3	1	282.42953	8.69166660308838	659	92	24.1000003814697	28.7000002861023
30239	R3	4	282.42953	8.69166660308838	659	92	24.1000003814697	28.7000002861023
31520	R3	6	268.35361	8.84583377838135	620	88	24	28.1999998092651
29896	R3	4	268.35361	8.84583377838135	620	88	24	28.1999998092651
30172	R3	5	342.43524	8.45833301544189	897	107	23.5	27.6999998092651
32262	R3	1	1368.18848	5.52500009536743	704	96	19.8999996185303	26.9999995231629
33350	R3	6	1368.18848	5.52500009536743	704	96	19.8999996185303	26.9999995231629
31321	R3	4	274.4725	9.10416698455811	622	83	24.7999992370605	29.2999992370605
32930	R3	2	274.4725	9.10416698455811	622	83	24.7999992370605	29.2999992370605
30112	R3	4	313.15115	8.51666641235352	660	92	23.7000007629395	28.3000006675721
31911	R3	6	313.15115	8.51666641235352	660	92	23.7000007629395	28.3000006675721
30177	R3	3	687.4325	7.70416688919067	947	132	22.5	28.3000001907349
31466	R3	6	687.4325	7.70416688919067	947	132	22.5	28.3000001907349
31959	R3	6	718.10516	6.89166641235352	1172	153	22.7999992370605	30.8999996185302
33256	R3	2	718.10516	6.89166641235352	1172	153	22.7999992370605	30.8999996185302
30866	R3	2	231.72514	8.95416641235352	673	96	24.2999992370605	28.9999990463256
31326	R3	5	231.72514	8.95416641235352	673	96	24.2999992370605	28.9999990463256
31255	R3	2	233.28804	8.94583320617676	680	96	24.3999996185303	29.0999994277954
33143	R3	4	233.28804	8.94583320617676	680	96	24.3999996185303	29.0999994277954
31996	R3	4	235.71069	8.96666622161865	686	98	24.2999992370605	28.8999991416931
33155	R3	1	235.71069	8.96666622161865	686	98	24.2999992370605	28.8999991416931
30624	R3	2	235.23068	8.96666622161865	693	99	24.2000007629395	28.7000007629395
30319	R3	6	235.23068	8.96666622161865	693	99	24.2000007629395	28.7000007629395
30315	R3	1	476.22836	8.52499961853027	1070	138	24.7000007629395	31.2000007629395
31676	R3	6	476.22836	8.52499961853027	1070	138	24.7000007629395	31.2000007629395
31000	R3	1	998.25983	5.36250019073486	1224	163	20.7000007629395	29.2000007629395
33006	R3	2	2127.31323	0.695833265781403	1658	199	11.8000001907349	20.9000005722046
30273	R3	6	733.5307	6.79166650772095	1019	137	22.7000007629395	30.7000007629395
33129	R3	3	733.5307	6.79166650772095	1019	137	22.7000007629395	30.7000007629395
30002	R3	1	829.52533	6.26666688919067	1337	155	22.1000003814697	30.4000005722046
29777	R3	1	830.67657	6.26666688919067	1337	155	22.1000003814697	30.4000005722046
30622	R3	6	830.67657	6.26666688919067	1337	155	22.1000003814697	30.4000005722046
32275	R3	6	782.79535	7.60833311080933	958	136	22.2999992370605	28.1999993324279
30246	R3	6	171.72565	9.89166641235352	532	70	24.7999992370605	27.6999993324279
31181	R3	2	171.72565	9.89166641235352	532	70	24.7999992370605	27.6999993324279
30759	R3	2	171.97224	9.89166641235352	532	70	24.7999992370605	27.6999993324279
33198	R3	6	171.97224	9.89166641235352	532	70	24.7999992370605	27.6999993324279
30795	R3	6	171.47096	9.88749980926514	535	70	24.7000007629395	27.6000008583069
32699	R3	3	171.47096	9.88749980926514	535	70	24.7000007629395	27.6000008583069
31924	R3	1	169.74503	9.92916679382324	538	71	24.7999992370605	27.6999993324279
32580	R3	3	169.74503	9.92916679382324	538	71	24.7999992370605	27.6999993324279
32224	R3	1	170.08304	9.92916679382324	538	71	24.7999992370605	27.6999993324279
32698	R3	3	170.08304	9.92916679382324	538	71	24.7999992370605	27.6999993324279
29910	R3	3	170.13762	9.89999961853027	540	71	24.6000003814697	27.5000004768371
31570	R3	1	170.13762	9.89999961853027	540	71	24.6000003814697	27.5000004768371
30615	R3	2	170.20663	9.90833377838135	538	70	24.6000003814697	27.400000333786
31049	R3	1	170.20663	9.90833377838135	538	70	24.6000003814697	27.400000333786
30089	R3	2	171.21796	9.89583301544189	540	71	24.6000003814697	27.5000004768371
29937	R3	6	171.21796	9.89583301544189	540	71	24.6000003814697	27.5000004768371
31114	R3	6	171.26445	9.89583301544189	540	71	24.6000003814697	27.5000004768371
33393	R3	1	171.26445	9.89583301544189	540	71	24.6000003814697	27.5000004768371
33229	R3	3	173.13857	9.89999961853027	528	71	25.1000003814697	28.2000002861023
31041	R3	3	173.13857	9.89999961853027	528	71	25.1000003814697	28.2000002861023
29857	R3	6	173.14755	9.89583301544189	530	71	24.8999996185303	27.8999996185303
31212	R3	1	173.14755	9.89583301544189	530	71	24.8999996185303	27.8999996185303
31380	R3	4	172.41437	9.89166641235352	533	71	24.8999996185303	27.8999996185303
31111	R3	6	172.41437	9.89166641235352	533	71	24.8999996185303	27.8999996185303
30661	R3	2	172.79341	9.89166641235352	533	71	24.8999996185303	27.8999996185303
30243	R3	3	172.79341	9.89166641235352	533	71	24.8999996185303	27.8999996185303
31637	R3	6	174.48941	9.89583301544189	530	71	24.8999996185303	27.8999996185303
33504	R3	3	174.48941	9.89583301544189	530	71	24.8999996185303	27.8999996185303
31471	R3	5	NA	NA	NA	NA	NA	NA
32342	R3	1	NA	NA	NA	NA	NA	NA
32171	R3	4	263.7504	9.04583358764648	845	108	23.8999996185303	27.599999666214
32672	R3	3	263.7504	9.04583358764648	845	108	23.8999996185303	27.599999666214
30789	R3	1	263.7504	9.04583358764648	845	108	23.8999996185303	27.599999666214
30255	R3	6	263.7504	9.04583358764648	845	108	23.8999996185303	27.599999666214
32528	R3	3	263.7504	9.04583358764648	845	108	23.8999996185303	27.599999666214
33242	R3	6	263.7504	9.04583358764648	845	108	23.8999996185303	27.599999666214
31894	R3	4	263.7504	9.04583358764648	845	108	23.8999996185303	27.599999666214
30814	R3	1	263.7504	9.04583358764648	845	108	23.8999996185303	27.599999666214
31556	R3	1	170.20114	10.0124998092651	539	71	25.2999992370605	28.2999992370605
31902	R3	2	170.20114	10.0124998092651	539	71	25.2999992370605	28.2999992370605
32964	R3	2	371.48538	8.76249980926514	1127	139	23.6000003814697	27.8000001907348
32823	R3	1	371.48538	8.76249980926514	1127	139	23.6000003814697	27.8000001907348
31709	R3	6	282.12491	9.10416698455811	647	86	24.8999996185303	29.4999995231629
31126	R3	2	282.12491	9.10416698455811	647	86	24.8999996185303	29.4999995231629
31778	R3	1	451.56723	8.84583282470703	777	103	24	28.6999998092651
32694	R3	2	451.56723	8.84583282470703	777	103	24	28.6999998092651
30894	R3	2	446.7825	8.84583282470703	777	103	24	28.6999998092651
31429	R3	6	446.7825	8.84583282470703	777	103	24	28.6999998092651
31151	R3	6	406.43298	8.92500019073486	773	102	24.2000007629395	29.0000009536744
32498	R3	2	406.43298	8.92500019073486	773	102	24.2000007629395	29.0000009536744
32368	R3	6	1184.54041	5.03333330154419	1236	165	18.7999992370605	25.7999992370605
31124	R3	2	1184.54041	5.03333330154419	1236	165	18.7999992370605	25.7999992370605
33015	R3	2	206.02827	9.64583301544189	826	107	25.6000003814697	30.3000001907348
30688	R3	4	206.02827	9.64583301544189	826	107	25.6000003814697	30.3000001907348
32632	R3	3	567.02313	7.55416679382324	897	129	22.8999996185303	29.5999994277954
32403	R3	1	567.02313	7.55416679382324	897	129	22.8999996185303	29.5999994277954
30610	R3	6	541.54968	8.24166679382324	894	127	23.1000003814697	28.4000005722046
33158	R3	6	541.54968	8.24166679382324	894	127	23.1000003814697	28.4000005722046
30064	R3	3	684.12408	7.58333301544189	945	127	22.3999996185303	28.1999998092652
32911	R3	3	264.61887	8.78333282470703	677	96	24.3999996185303	29.2999997138977
33327	R3	2	264.61887	8.78333282470703	677	96	24.3999996185303	29.2999997138977
31135	R3	3	331.0101	8.47500038146973	735	104	24	29.1999998092651
30369	R3	3	308.05472	9.17083358764648	593	81	24.7000007629395	28.9000005722046
30215	R3	2	308.05472	9.17083358764648	593	81	24.7000007629395	28.9000005722046
29850	R3	2	504.1138	7.5	1013	133	23.7000007629395	31.2000007629395
31502	R3	6	504.1138	7.5	1013	133	23.7000007629395	31.2000007629395
31679	R3	6	871.67108	6.04166650772095	1233	160	21.6000003814697	29.4000005722046
33162	R3	1	871.67108	6.04166650772095	1233	160	21.6000003814697	29.4000005722046
31374	R3	1	760.88751	6.09999990463257	1081	143	21.6000003814697	30
31930	R3	1	760.88751	6.09999990463257	1081	143	21.6000003814697	30
32154	R3	4	681.42078	6.76249980926514	961	133	22.6000003814697	30.7000007629394
31094	R3	6	681.42078	6.76249980926514	961	133	22.6000003814697	30.7000007629394
30228	R3	3	631.67188	7.47083330154419	955	135	22.2000007629395	28.2000007629395
31992	R3	6	631.67188	7.47083330154419	955	135	22.2000007629395	28.2000007629395
31253	R3	6	998.25983	5.36250019073486	1224	163	20.7000007629395	29.2000007629395
32406	R3	6	263.7504	9.04583358764648	845	108	23.8999996185303	27.599999666214
5457	R1	5	233	na	na	na	na	na
31804	R3	4	na	na	na	na	na	na
30026	R3	1	na	na	na	na	na	na
30518	R3	3	na	na	na	na	na	na
2050	R1	1	185	na	na	na	na	na
13841	R2	6	140	na	na	na	na	na
4998	R1	1	171	na	na	na	na	na
3448	R1	1	171	na	na	na	na	na
2674	R1	4	395	na	na	na	na	na
16899	R2	4	145	na	na	na	na	na
